          99      77.8981
 6.28319e-06  0.000196003      6.2836e-06  0.000196009
 6.44026e-06   0.00021446     6.44073e-06  0.000214467
 6.60127e-06    0.0002346     6.60179e-06  0.000234608
  6.7663e-06  0.000256569     6.76688e-06  0.000256578
 6.93546e-06  0.000280526     6.93611e-06  0.000280538
 7.10885e-06  0.000306644     7.10957e-06  0.000306658
 7.28657e-06  0.000335107     7.28738e-06  0.000335123
 7.46873e-06  0.000366116     7.46964e-06  0.000366136
 7.65545e-06  0.000399887     7.65647e-06  0.000399911
 7.84684e-06  0.000436653     7.84798e-06  0.000436682
 8.04301e-06  0.000476666     8.04429e-06    0.0004767
 8.24408e-06  0.000520196     8.24551e-06  0.000520237
 8.45019e-06  0.000567535     8.45178e-06  0.000567583
 8.66144e-06  0.000618995     8.66323e-06  0.000619052
 8.87798e-06  0.000674912     8.87997e-06  0.000674981
 9.09993e-06  0.000735648     9.10216e-06   0.00073573
 9.32742e-06   0.00080159     9.32992e-06  0.000801687
 9.56061e-06  0.000873151     9.56339e-06  0.000873267
 9.79962e-06  0.000950775     9.80273e-06  0.000950913
 1.00446e-05   0.00103493     1.00481e-05    0.0010351
 1.02957e-05   0.00112614     1.02996e-05   0.00112633
 1.05531e-05   0.00122492     1.05574e-05   0.00122515
  1.0817e-05   0.00133185     1.08218e-05   0.00133213
 1.10874e-05   0.00144755     1.10927e-05   0.00144788
 1.13646e-05   0.00157265     1.13705e-05   0.00157304
 1.16487e-05   0.00170785     1.16553e-05   0.00170831
 1.19399e-05   0.00185385     1.19473e-05   0.00185439
 1.22384e-05   0.00201143     1.22466e-05   0.00201207
 1.25443e-05   0.00218138     1.25535e-05   0.00218214
  1.2858e-05   0.00236455     1.28681e-05   0.00236545
 1.31794e-05   0.00256182     1.31907e-05   0.00256288
 1.35089e-05   0.00277411     1.35214e-05   0.00277535
 1.38466e-05   0.00300237     1.38605e-05   0.00300383
 1.41928e-05    0.0032476     1.42081e-05   0.00324932
 1.45476e-05   0.00351085     1.45646e-05   0.00351287
 1.49113e-05   0.00379317     1.49301e-05   0.00379554
 1.52841e-05   0.00409567     1.53049e-05   0.00409846
 1.56662e-05   0.00441949     1.56892e-05   0.00442275
 1.60578e-05    0.0047658     1.60833e-05   0.00476961
 1.64593e-05   0.00513578     1.64874e-05   0.00514024
 1.68708e-05   0.00553068     1.69018e-05   0.00553588
 1.72925e-05   0.00595174     1.73268e-05   0.00595779
 1.77248e-05   0.00640024     1.77626e-05    0.0064073
  1.8168e-05   0.00687752     1.82096e-05   0.00688572
 1.86222e-05   0.00738492     1.86679e-05   0.00739444
 1.90877e-05   0.00792384     1.91381e-05   0.00793488
 1.95649e-05   0.00849573     1.96202e-05    0.0085085
  2.0054e-05   0.00910207     2.01148e-05   0.00911685
 2.05554e-05   0.00974444      2.0622e-05   0.00976151
 2.10693e-05    0.0104245     2.11424e-05    0.0104442
  2.1596e-05    0.0111439     2.16761e-05    0.0111666
 2.21359e-05    0.0119046     2.22236e-05    0.0119307
 2.26893e-05    0.0127084     2.27852e-05    0.0127384
 2.32565e-05    0.0135574     2.33614e-05    0.0135919
 2.38379e-05    0.0144539     2.39525e-05    0.0144935
 2.44339e-05    0.0154003      2.4559e-05    0.0154456
 2.50447e-05    0.0163989     2.51813e-05    0.0164509
 2.56708e-05    0.0174526     2.58198e-05    0.0175122
 2.63126e-05    0.0185642      2.6475e-05    0.0186324
 2.69704e-05    0.0197368     2.71474e-05    0.0198147
 2.76447e-05    0.0209736     2.78374e-05    0.0210626
 2.83358e-05    0.0222779     2.85456e-05    0.0223797
 2.90442e-05    0.0236535     2.92725e-05    0.0237698
 2.97703e-05    0.0251041     3.00187e-05     0.025237
 3.05146e-05    0.0266336     3.07846e-05    0.0267853
 3.12774e-05    0.0282462      3.1571e-05    0.0284194
 3.20594e-05     0.029946     3.23783e-05    0.0301439
 3.28609e-05    0.0317377     3.32073e-05    0.0319636
 3.36824e-05    0.0336257     3.40586e-05    0.0338836
 3.45244e-05    0.0356148     3.49328e-05    0.0359091
 3.53875e-05    0.0377099     3.58308e-05    0.0380457
 3.62722e-05    0.0399158     3.67531e-05    0.0402991
  3.7179e-05    0.0422378     3.77006e-05    0.0426751
 3.81085e-05    0.0446812      3.8674e-05    0.0451798
 3.90612e-05    0.0472511     3.96742e-05    0.0478196
 4.00378e-05    0.0499531      4.0702e-05    0.0506009
 4.10387e-05    0.0527929     4.17583e-05    0.0535306
 4.20647e-05    0.0557759      4.2844e-05    0.0566155
 4.31163e-05    0.0589081       4.396e-05    0.0598628
 4.41942e-05    0.0621952     4.51074e-05    0.0632798
 4.52991e-05    0.0656432     4.62871e-05    0.0668742
 4.64315e-05    0.0692582     4.75003e-05    0.0706536
 4.75923e-05    0.0730462     4.87479e-05    0.0746262
 4.87821e-05    0.0770135     5.00312e-05       0.0788
 5.00017e-05    0.0811663     5.13514e-05    0.0831836
 5.12517e-05     0.085511     5.27096e-05    0.0877856
  5.2533e-05    0.0900539     5.41072e-05     0.092615
 5.38463e-05    0.0948015     5.55454e-05     0.097681
 5.51925e-05    0.0997604     5.70257e-05     0.102993
 5.65723e-05     0.104937     5.85496e-05     0.108561
 5.79866e-05     0.110338     6.01184e-05     0.114395
 5.94363e-05      0.11597     6.17338e-05     0.120506
 6.09222e-05      0.12184     6.33974e-05     0.126905
 6.24452e-05     0.127954     6.51108e-05     0.133603
 6.40064e-05      0.13432     6.68759e-05     0.140613
 6.56065e-05     0.140943     6.86943e-05     0.147947
 6.72467e-05     0.147831     7.05682e-05     0.155617
 6.89279e-05      0.15499     7.24994e-05     0.163639
 7.06511e-05     0.162427       7.449e-05     0.172026
 7.24173e-05      0.17015     7.65422e-05     0.180795
 7.42278e-05     0.178164     7.86582e-05      0.18996
 7.60835e-05     0.186476     8.08404e-05      0.19954
 7.79855e-05     0.195093     8.30913e-05     0.209553
 7.99352e-05     0.204022     8.54135e-05     0.220017
 8.19336e-05     0.213269     8.78097e-05     0.230952
 8.39819e-05      0.22284     9.02826e-05     0.242382
 8.60815e-05     0.232743     9.28353e-05     0.254327
 8.82335e-05     0.242984     9.54709e-05     0.266814
 9.04393e-05     0.253569     9.81927e-05     0.279867
 9.27003e-05     0.264504     0.000101004     0.293516
 9.50178e-05     0.275796     0.000103908      0.30779
 9.73933e-05      0.28745      0.00010691      0.32272
 9.98281e-05     0.299474     0.000110012     0.338342
 0.000102324     0.311872      0.00011322     0.354693
 0.000104882     0.324651     0.000116537     0.371813
 0.000107504     0.337817     0.000119969     0.389746
 0.000110192     0.351376      0.00012352     0.408539
 0.000112946     0.365332     0.000127196     0.428243
  0.00011577     0.379692     0.000131002     0.448916
 0.000118664     0.394462     0.000134944     0.470617
 0.000121631     0.409645     0.000139029     0.493415
 0.000124672     0.425249     0.000143263     0.517383
 0.000127788     0.441278     0.000147653     0.542605
 0.000130983     0.457736     0.000152208      0.56917
 0.000134258      0.47463     0.000156936     0.597179
 0.000137614     0.491964     0.000161846     0.626745
 0.000141054     0.509743     0.000166948     0.657993
 0.000144581     0.527971     0.000172252     0.691064
 0.000148195     0.546653      0.00017777     0.726115
   0.0001519     0.565795     0.000183514     0.763328
 0.000155698     0.585399     0.000189499     0.802903
  0.00015959     0.605471     0.000195739     0.845072
  0.00016358     0.626015     0.000202251     0.890098
 0.000167669     0.647036     0.000209054     0.938281
 0.000171861     0.668537     0.000216169     0.989966
 0.000176158     0.690523     0.000223617      1.04555
 0.000180562     0.712997     0.000231425      1.10549
 0.000185076     0.735964     0.000239621      1.17032
 0.000189703     0.759428     0.000248236      1.24066
 0.000194445     0.783393     0.000257307      1.31721
 0.000199306     0.807863     0.000266874       1.4008
 0.000204289     0.832841     0.000276982      1.49241
 0.000209396     0.858331     0.000287682      1.59317
 0.000214631     0.884338     0.000299031       1.7044
 0.000219997     0.910865     0.000311093      1.82763
 0.000225497     0.937915     0.000323942      1.96469
 0.000231134     0.965494     0.000337657      2.11769
 0.000236913     0.993604     0.000352328      2.28911
 0.000242835      1.02225     0.000368057      2.48184
 0.000248906      1.05143     0.000384954      2.69929
 0.000255129      1.08116     0.000403141      2.94542
 0.000261507      1.11144     0.000422753      3.22484
 0.000268045      1.14226     0.000443936      3.54296
 0.000274746      1.17364     0.000466847      3.90604
 0.000281615      1.20558     0.000491657      4.32134
 0.000288655      1.23808     0.000518545      4.79727
 0.000295871      1.27115     0.000547704      5.34351
 0.000303268      1.30478     0.000579334      5.97118
  0.00031085        1.339     0.000613643        6.693
 0.000318621      1.37379     0.000650847      7.52341
 0.000326587      1.40916     0.000691166      8.47876
 0.000334751      1.44512     0.000734821      9.57738
  0.00034312      1.48167     0.000782036      10.8397
 0.000351698      1.51882     0.000833029      12.2884
  0.00036049      1.55656     0.000888016      13.9479
 0.000369503      1.59491     0.000947201      15.8451
  0.00037874      1.63387      0.00101078      18.0082
 0.000388209      1.67344      0.00107892      20.4669
 0.000397914      1.71363      0.00115178      23.2516
 0.000407862      1.75444      0.00122949       26.393
 0.000418058      1.79587      0.00131216      29.9206
  0.00042851      1.83794      0.00139984      33.8622
 0.000439223      1.88064      0.00149258      38.2424
 0.000450203      1.92398      0.00159036      43.0815
 0.000461458      1.96796      0.00169313      48.3942
 0.000472995      2.01259      0.00180083      54.1883
  0.00048482      2.05788      0.00191332      60.4639
  0.00049694      2.10383      0.00203045      67.2131
 0.000509364      2.15043      0.00215207      74.4195
 0.000522098      2.19771      0.00227796      82.0585
  0.00053515      2.24566      0.00240795      90.0989
 0.000548529      2.29428      0.00254182      98.5034
 0.000562242      2.34359      0.00267942      107.231
 0.000576298      2.39358      0.00282056      116.237
 0.000590706      2.44427      0.00296513      125.479
 0.000605473      2.49564      0.00311304      134.915
  0.00062061      2.54772      0.00326422      144.506
 0.000636125      2.60051      0.00341866      154.217
 0.000652028        2.654      0.00357639      164.019
 0.000668329      2.70821      0.00373748       173.89
 0.000685037      2.76314      0.00390203      183.812
 0.000702163      2.81879      0.00407018      193.772
 0.000719717      2.87517       0.0042421      203.765
  0.00073771      2.93227      0.00441798       213.79
 0.000756153      2.99012      0.00459803      223.847
 0.000775057      3.04871      0.00478249      233.943
 0.000794433      3.10804      0.00497161      244.086
 0.000814294      3.16812      0.00516563      254.286
 0.000834652      3.22895      0.00536483      264.554
 0.000855518      3.29054      0.00556949      274.904
 0.000876906      3.35288      0.00577987      285.349
 0.000898828        3.416      0.00599626      295.901
 0.000921299      3.47988      0.00621896      306.575
 0.000944332      3.54453      0.00644825      317.384
  0.00096794      3.60996      0.00668442      328.341
 0.000992138      3.67617      0.00692777      339.458
  0.00101694      3.74316       0.0071786      350.748
  0.00104237      3.81094      0.00743722      362.222
  0.00106842      3.87951      0.00770393      373.892
  0.00109514      3.94887      0.00797905      385.768
  0.00112251      4.01902      0.00826288       397.86
  0.00115058      4.08997      0.00855576      410.178
  0.00117934      4.16172      0.00885801      422.731
  0.00120882      4.23428      0.00916996      435.529
  0.00123904      4.30764      0.00949195      448.578
  0.00127002      4.38181      0.00982433      461.889
  0.00130177      4.45679       0.0101675      475.467
  0.00133432      4.53259       0.0105217      489.321
  0.00136767       4.6092       0.0108874      503.459
  0.00140187      4.68663        0.011265      517.886
  0.00143691      4.76487       0.0116548      532.609
  0.00147284      4.84394       0.0120573      547.637
  0.00150966      4.92384       0.0124728      562.973
   0.0015474      5.00455       0.0129018      578.626
  0.00158608       5.0861       0.0133448      594.601
  0.00162573      5.16847       0.0138021      610.905
  0.00166638      5.25167       0.0142742      627.542
  0.00170804      5.33571       0.0147616       644.52
  0.00175074      5.42057       0.0152648      661.844
  0.00179451      5.50627       0.0157843       679.52
  0.00183937       5.5928       0.0163206      697.553
  0.00188535      5.68017       0.0168742      715.949
  0.00193249      5.76837       0.0174456      734.715
   0.0019808      5.85741       0.0180355      753.855
  0.00203032      5.94728       0.0186444      773.375
  0.00208108        6.038       0.0192729      793.281
   0.0021331      6.12955       0.0199215      813.579
  0.00218643      6.22194       0.0205911      834.273
  0.00224109      6.31516       0.0212821      855.371
  0.00229712      6.40923       0.0219952      876.877
  0.00235455      6.50414       0.0227312      898.796
  0.00241341      6.59988       0.0234907      921.136
  0.00247375      6.69647       0.0242745        943.9
  0.00253559      6.79389       0.0250833      967.096
  0.00259898      6.89215       0.0259179      990.728
  0.00266396      6.99126       0.0267791       1014.8
  0.00273055       7.0912       0.0276677      1039.32
  0.00279882      7.19197       0.0285846       1064.3
  0.00286879      7.29359       0.0295306      1089.74
  0.00294051      7.39604       0.0305065      1115.64
  0.00301402      7.49933       0.0315134      1142.01
  0.00308937      7.60346       0.0325522      1168.85
  0.00316661      7.70842       0.0336239      1196.18
  0.00324577      7.81422       0.0347294         1224
  0.00332691      7.92085       0.0358698      1252.31
  0.00341009      8.02831       0.0370461      1281.13
  0.00349534      8.13661       0.0382595      1310.44
  0.00358272      8.24574       0.0395111      1340.27
  0.00367229      8.35571        0.040802      1370.62
   0.0037641       8.4665       0.0421335      1401.49
   0.0038582      8.57812       0.0435067      1432.88
  0.00395466      8.69057        0.044923      1464.82
  0.00405352      8.80385       0.0463836      1497.29
  0.00415486      8.91796       0.0478899      1530.31
  0.00425873      9.03289       0.0494433      1563.88
   0.0043652      9.14865       0.0510452      1598.01
  0.00447433      9.26523       0.0526971      1632.71
  0.00458619      9.38263       0.0544004      1667.98
  0.00470084      9.50086       0.0561567      1703.82
  0.00481836       9.6199       0.0579677      1740.24
  0.00493882      9.73977       0.0598349      1777.25
  0.00506229      9.86045       0.0617601      1814.86
  0.00518885      9.98195        0.063745      1853.07
  0.00531857      10.1043       0.0657914      1891.88
  0.00545154      10.2274       0.0679012       1931.3
  0.00558783      10.3513       0.0700762      1971.35
  0.00572752      10.4761       0.0723184      2012.01
  0.00587071      10.6017       0.0746298      2053.31
  0.00601748      10.7281       0.0770126      2095.24
  0.00616791      10.8553       0.0794687      2137.82
  0.00632211      10.9832       0.0820005      2181.04
  0.00648016      11.1121       0.0846101      2224.91
  0.00664217      11.2417       0.0872999      2269.45
  0.00680822      11.3721       0.0900724      2314.65
  0.00697843      11.5033       0.0929299      2360.53
  0.00715289      11.6353       0.0958749      2407.08
  0.00733171      11.7682       0.0989102      2454.32
    0.007515      11.9018        0.102038      2502.24
  0.00770288      12.0362        0.105262      2550.86
  0.00789545      12.1714        0.108584      2600.19
  0.00809284      12.3074        0.112008      2650.22
  0.00829516      12.4443        0.115536      2700.96
  0.00850254      12.5819        0.119172      2752.43
   0.0087151      12.7203        0.122918      2804.62
  0.00893298      12.8595        0.126778      2857.55
   0.0091563      12.9995        0.130756      2911.21
  0.00938521      13.1402        0.134854      2965.61
  0.00961984      13.2818        0.139077      3020.77
  0.00986034      13.4242        0.143428      3076.68
   0.0101068      13.5673         0.14791      3133.35
   0.0103595      13.7112        0.152529      3190.79
   0.0106185       13.856        0.157287      3249.01
    0.010884      14.0015        0.162188      3308.01
   0.0111561      14.1477        0.167238      3367.79
    0.011435      14.2948        0.172441      3428.36
   0.0117208      14.4427          0.1778      3489.73
   0.0120139      14.5913         0.18332      3551.91
   0.0123142      14.7407        0.189007      3614.89
   0.0126221      14.8909        0.194865      3678.69
   0.0129376      15.0419        0.200899      3743.32
   0.0132611      15.1936        0.207115      3808.77
   0.0135926      15.3461        0.213517      3875.06
   0.0139324      15.4994        0.220111      3942.18
   0.0142807      15.6535        0.226903      4010.15
   0.0146377      15.8084        0.233898      4078.98
   0.0150037       15.964        0.241102      4148.66
   0.0153788      16.1204        0.248523      4219.21
   0.0157632      16.2776        0.256165      4290.62
   0.0161573      16.4355        0.264035      4362.91
   0.0165612      16.5942         0.27214      4436.09
   0.0169753      16.7537        0.280487      4510.15
   0.0173997      16.9139        0.289083      4585.11
   0.0178346       17.075        0.297935      4660.97
   0.0182805      17.2367         0.30705      4737.73
   0.0187375      17.3993        0.316436       4815.4
    0.019206      17.5626        0.326102         4894
   0.0196861      17.7267        0.336055      4973.52
   0.0201783      17.8915        0.346303      5053.97
   0.0206827      18.0572        0.356856      5135.35
   0.0211998      18.2235        0.367721      5217.68
   0.0217298      18.3907        0.378908      5300.96
    0.022273      18.5586        0.390427      5385.19
   0.0228299      18.7273        0.402286      5470.38
   0.0234006      18.8967        0.414497      5556.54
   0.0239856      19.0669        0.427068      5643.67
   0.0245853      19.2379        0.440011      5731.78
   0.0251999      19.4096        0.453335      5820.88
   0.0258299      19.5821        0.467053      5910.96
   0.0264756      19.7553        0.481176      6002.05
   0.0271375      19.9293        0.495714      6094.13
    0.027816      20.1041        0.510681      6187.23
   0.0285114      20.2796        0.526088      6281.34
   0.0292241      20.4558        0.541949      6376.48
   0.0299547      20.6329        0.558275      6472.64
   0.0307036      20.8107        0.575082      6569.84
   0.0314712      20.9892        0.592382      6668.07
    0.032258      21.1685         0.61019      6767.36
   0.0330644      21.3486         0.62852      6867.69
   0.0338911      21.5294        0.647388      6969.08
   0.0347383       21.711        0.666808      7071.54
   0.0356068      21.8933        0.686797      7175.07
    0.036497      22.0764        0.707371      7279.68
   0.0374094      22.2602        0.728547      7385.37
   0.0383446      22.4448        0.750342      7492.15
   0.0393032      22.6302        0.772774      7600.02
   0.0402858      22.8163         0.79586         7709
    0.041293      23.0031        0.819621      7819.09
   0.0423253      23.1907        0.844075      7930.29
   0.0433834      23.3791        0.869242      8042.61
    0.044468      23.5682        0.895142      8156.06
   0.0455797      23.7581        0.921797      8270.64
   0.0467192      23.9487        0.949228      8386.36
   0.0478872      24.1401        0.977457      8503.23
   0.0490843      24.3322         1.00651      8621.25
   0.0503115      24.5251          1.0364      8740.43
   0.0515692      24.7187         1.06716      8860.77
   0.0528585      24.9131         1.09882      8982.28
   0.0541799      25.1083         1.13139      9104.97
   0.0555344      25.3042         1.16491      9228.85
   0.0569228      25.5008         1.19941      9353.92
   0.0583459      25.6982          1.2349      9480.18
   0.0598045      25.8963         1.27142      9607.65
   0.0612996      26.0952         1.30899      9736.32
   0.0628321      26.2949         1.34766      9866.21
   0.0644029      26.4953         1.38744      9997.32
    0.066013      26.6964         1.42837      10129.7
   0.0676633      26.8983         1.47049      10263.2
   0.0693549       27.101         1.51382      10398.1
   0.0710888      27.3044         1.55841      10534.1
    0.072866      27.5085         1.60428      10671.5
   0.0746876      27.7134         1.65147        10810
   0.0765548      27.9191         1.70003      10949.9
   0.0784687      28.1255         1.74998        11091
   0.0804304      28.3326         1.80137      11233.4
   0.0824412      28.5405         1.85425      11377.1
   0.0845022      28.7492         1.90864      11522.1
   0.0866148      28.9586          1.9646      11668.4
   0.0887801      29.1687         2.02217        11816
   0.0909996      29.3796         2.08139      11964.9
   0.0932746      29.5913         2.14232      12115.1
   0.0956065      29.8037           2.205      12266.7
   0.0979967      30.0168         2.26947      12419.5
    0.100447      30.2307          2.3358      12573.8
    0.102958      30.4454         2.40402      12729.3
    0.105532      30.6607         2.47421      12886.3
     0.10817      30.8769         2.54641      13044.5
    0.110874      31.0938         2.62067      13204.2
    0.113646      31.3114         2.69706      13365.2
    0.116487      31.5298         2.77564      13527.6
    0.119399       31.749         2.85646      13691.4
    0.122384      31.9689          2.9396      13856.6
    0.125444      32.1895         3.02512      14023.2
     0.12858      32.4109         3.11308      14191.2
    0.131795       32.633         3.20355      14360.6
    0.135089      32.8559         3.29661      14531.4
    0.138467      33.0796         3.39232      14703.7
    0.141928       33.304         3.49077      14877.3
    0.145477      33.5291         3.59202      15052.5
    0.149113       33.755         3.69616        15229
    0.152841      33.9816         3.80327      15407.1
    0.156662       34.209         3.91343      15586.6
    0.160579      34.4372         4.02673      15767.5
    0.164593       34.666         4.14325        15950
    0.168708      34.8957         4.26309      16133.9
    0.172926      35.1261         4.38634      16319.3
    0.177249      35.3572          4.5131      16506.2
     0.18168      35.5891         4.64346      16694.6
    0.186222      35.8217         4.77752      16884.5
    0.190878      36.0551          4.9154      17075.9
     0.19565      36.2892         5.05719      17268.9
    0.200541      36.5241           5.203      17463.3
    0.205555      36.7597         5.35296      17659.4
    0.210693      36.9961         5.50717      17856.9
    0.215961      37.2333         5.66575        18056
     0.22136      37.4711         5.82882      18256.7
    0.226894      37.7098         5.99652        18459
    0.232566      37.9491         6.16897      18662.8
     0.23838      38.1893         6.34631      18868.2
     0.24434      38.4302         6.52866      19075.1
    0.250448      38.6718         6.71618      19283.7
     0.25671      38.9142           6.909      19493.9
    0.263127      39.1573         7.10728      19705.6
    0.269705      39.4012         7.31116        19919
    0.276448      39.6458         7.52081      20134.1
    0.283359      39.8912         7.73638      20350.7
    0.290443      40.1373         7.95804        20569
    0.297704      40.3842         8.18595      20788.9
    0.305147      40.6318         8.42031      21010.5
    0.312776      40.8802         8.66127      21233.7
    0.320595      41.1293         8.90903      21458.6
     0.32861      41.3792         9.16379      21685.2
    0.336825      41.6298         9.42572      21913.4
    0.345246      41.8812         9.69503      22143.3
    0.353877      42.1333         9.97194        22375
    0.362724      42.3862         10.2566      22608.3
    0.371792      42.6399         10.5494      22843.3
    0.381087      42.8942         10.8503      23080.1
    0.390614      43.1494         11.1598      23318.6
    0.400379      43.4053         11.4779      23558.8
    0.410389      43.6619          11.805      23800.7
    0.420648      43.9193         12.1412      24044.4
    0.431165      44.1774          12.487      24289.8
    0.441944      44.4363         12.8424        24537
    0.452992      44.6959         13.2079        24786
    0.464317      44.9563         13.5835      25036.7
    0.475925      45.2175         13.9698      25289.3
    0.487823      45.4793         14.3669      25543.6
    0.500019       45.742         14.7751      25799.7
    0.512519      46.0054         15.1948      26057.6
    0.525332      46.2695         15.6262      26317.3
    0.538466      46.5344         16.0697      26578.8
    0.551927      46.8001         16.5257      26842.2
    0.565725      47.0665         16.9944      27107.4
    0.579869      47.3336         17.4763      27374.4
    0.594365      47.6015         17.9717      27643.3
    0.609224      47.8701         18.4809      27914.1
    0.624455      48.1395         19.0044      28186.7
    0.640066      48.4097         19.5425      28461.1
    0.656068      48.6806         20.0957      28737.5
     0.67247      48.9523         20.6644      29015.7
    0.689281      49.2247         21.2489      29295.9
    0.706514      49.4978         21.8498      29577.9
    0.724176      49.7717         22.4675      29861.8
    0.742281      50.0464         23.1024      30147.7
    0.760838      50.3218         23.7551      30435.5
    0.779859       50.598          24.426      30725.2
    0.799355      50.8749         25.1156      31016.8
    0.819339      51.1525         25.8245      31310.4
    0.839823       51.431         26.5531        31606
    0.860818      51.7101         27.3021      31903.5
    0.882339      51.9901         28.0719        32203
    0.904397      52.2707         28.8632      32504.4
    0.927007      52.5522         29.6765      32807.9
    0.950182      52.8343         30.5126      33113.3
    0.973937      53.1173         31.3719      33420.7
    0.998285      53.4009         32.2551      33730.1
     1.02324      53.6854         33.1629      34041.6
     1.04882      53.9706          34.096      34355.1
     1.07504      54.2565         35.0551      34670.6
     1.10192      54.5432         36.0408      34988.1
     1.12947      54.8306         37.0539      35307.7
      1.1577      55.1188         38.0953      35629.3
     1.18665      55.4078         39.1655        35953
     1.21631      55.6975         40.2656      36278.8
     1.24672      55.9879         41.3962      36606.7
     1.27789      56.2791         42.5582      36936.6
     1.30984      56.5711         43.7524      37268.6
     1.34258      56.8638         44.9798      37602.7
     1.37615      57.1573         46.2413        37939
     1.41055      57.4515         47.5379      38277.3
     1.44581      57.7464         48.8703      38617.8
     1.48196      58.0421         50.2398      38960.4
     1.51901      58.3386         51.6472      39305.1
     1.55698      58.6358         53.0937        39652
     1.59591      58.9338         54.5802        40001
     1.63581      59.2325          56.108      40352.2
      1.6767       59.532         57.6781      40705.6
     1.71862      59.8323         59.2917      41061.2
     1.76158      60.1332         60.9499      41418.9
     1.80562       60.435         62.6541      41778.8
     1.85076      60.7375         64.4055        42141
     1.89703      61.0407         66.2053      42505.3
     1.94446      61.3447          68.055      42871.9
     1.99307      61.6495         69.9558      43240.6
      2.0429       61.955         71.9092      43611.7
     2.09397      62.2612         73.9166      43984.9
     2.14632      62.5682         75.9795      44360.4
     2.19998       62.876         78.0994      44738.2
     2.25498      63.1845         80.2779      45118.2
     2.31135      63.4938         82.5166      45500.5
     2.36914      63.8038         84.8171      45885.1
     2.42836      64.1146         87.1812        46272
     2.48907      64.4261         89.6106      46661.2
      2.5513      64.7384          92.107      47052.6
     2.61508      65.0514         94.6723      47446.4
     2.68046      65.3652         97.3084      47842.5
     2.74747      65.6797         100.017        48241
     2.81616       65.995         102.801      48641.8
     2.88656      66.3111         105.661      49044.9
     2.95873      66.6279           108.6      49450.4
     3.03269      66.9454          111.62      49858.2
     3.10851      67.2637         114.724      50268.4
     3.18622      67.5828         117.913        50681
     3.26588      67.9026          121.19        51096
     3.34753      68.2232         124.557      51513.3
     3.43121      68.5445         128.016      51933.1
     3.51699      68.8666         131.571      52355.3
     3.60492      69.1894         135.224      52779.9
     3.69504       69.513         138.978      53206.9
     3.78742      69.8373         142.834      53636.4
      3.8821      70.1624         146.797      54068.3
     3.97916      70.4882         150.869      54502.6
     4.07864      70.8148         155.053      54939.4
      4.1806      71.1422         159.351      55378.7
     4.28512      71.4703         163.768      55820.5
     4.39224      71.7991         168.307      56264.7
     4.50205      72.1287          172.97      56711.5
      4.6146      72.4591         177.761      57160.7
     4.72997      72.7902         182.684      57612.4
     4.84822      73.1221         187.741      58066.7
     4.96942      73.4547         192.938      58523.5
     5.09366      73.7881         198.278      58982.8
       5.221      74.1222         203.764      59444.6
     5.35152      74.4571           209.4        59909
     5.48531      74.7927         215.192        60376
     5.62244      75.1291         221.142      60845.5
     5.76301      75.4662         227.255      61317.6
     5.90708      75.8041         233.536      61792.3
     6.05476      76.1428         239.989      62269.6
     6.20613      76.4822         246.619      62749.5
